0 197 30 0.000000 0.000000 0 0 1 2 0 0
author=5ED1F9012B
author=5ED1F9012B