0 405 3 0.000000 0.000000 0 0 3 8 0 0
author=5ED1F9012B
author=5ED1F9012B