1105 1253 0 0.000000 0.000000 0 0 0 1 0 0
speedMult=1.000000
author=81AF868067