0 397 0 0.000000 0.000000 0 0 0 1 0 0
author=38E3704DF8
author=38E3704DF8
