id=1056
type=0,randStartPhase=1
forceZeroStart=0
numSounds=0
numSprites=10
numSlots=0
offset=(0.000000,-0.000000)
startPause=0.000000
animParam=0.000000 0.000000 0.000000 0.000000 0.000000 0.000000 (0.000000,0.000000) 0.000000 0.000000 0.000000 0.000000 0.000000 1.000000 0.000000 0.000000 0.000000 0.000000 1.000000 0.000000
offset=(0.000000,0.000000)
startPause=0.000000
animParam=0.083333 10.666667 0.000000 0.750000 26.666667 1.000000 (0.000000,0.000000) 0.000000 0.000000 0.083333 0.000000 0.000000 1.000000 0.000000 1.083333 0.072917 0.000000 1.000000 0.000000
offset=(0.000000,0.000000)
startPause=0.000000
animParam=0.083333 10.666667 0.000000 0.750000 26.666667 1.000000 (0.000000,0.000000) 0.000000 0.000000 0.083333 0.000000 0.000000 1.000000 0.000000 1.083333 0.072917 0.000000 1.000000 0.000000
offset=(0.000000,0.000000)
startPause=0.000000
animParam=0.083333 10.666667 0.000000 0.750000 26.666667 1.000000 (0.000000,0.000000) 0.000000 0.000000 0.083333 0.000000 0.000000 1.000000 0.000000 1.083333 0.072917 0.000000 1.000000 0.000000
offset=(0.000000,0.000000)
startPause=0.000000
animParam=0.000000 0.000000 0.000000 0.416667 5.333333 1.000000 (0.000000,0.000000) 0.000000 0.000000 0.083333 0.000000 0.000000 1.000000 0.000000 0.333333 0.041667 0.000000 1.000000 0.000000
offset=(0.000000,0.000000)
startPause=0.000000
animParam=0.083333 10.666667 0.000000 0.750000 8.000000 1.000000 (0.000000,0.000000) 0.000000 0.000000 0.083333 0.000000 0.000000 1.000000 0.000000 0.250000 0.145833 0.000000 1.000000 0.000000
offset=(0.000000,0.000000)
startPause=0.000000
animParam=0.083333 16.000000 0.000000 0.250000 40.000000 1.000000 (0.000000,0.000000) 0.000000 0.000000 0.083333 0.072917 0.218750 1.000000 0.000000 0.333333 0.083333 0.000000 1.000000 0.000000
offset=(0.000000,0.000000)
startPause=0.000000
animParam=1.500000 2.666667 0.000000 1.000000 0.000000 0.000000 (0.000000,0.000000) 0.000000 0.000000 0.000000 0.000000 0.000000 1.000000 0.000000 0.000000 0.000000 0.000000 0.875000 0.000000
offset=(0.000000,0.000000)
startPause=0.000000
animParam=0.000000 0.000000 0.000000 0.000000 0.000000 0.000000 (0.000000,0.000000) 0.000000 0.000000 0.000000 0.000000 0.000000 1.000000 0.000000 0.000000 0.000000 0.000000 1.000000 0.000000
offset=(0.000000,0.000000)
startPause=0.000000
animParam=0.150000 1.000000 0.000000 0.200000 1.000000 0.145833 (0.000000,0.000000) 0.000000 0.000000 0.000000 0.000000 0.000000 1.000000 0.000000 0.000000 0.000000 0.000000 1.000000 0.000000
author=AAA88C9DBF