id=1273
type=1,randStartPhase=0
forceZeroStart=0
numSounds=0
numSprites=3
numSlots=0
offset=(0.000000,0.000000)
startPause=0.000000
animParam=0.000000 0.000000 0.000000 0.000000 0.000000 0.114583 (0.000000,0.000000) -0.000000 -0.020833 1.000000 0.041667 0.125000 2.500000 0.000000 0.000000 0.000000 0.000000 1.000000 0.000000
offset=(0.000000,0.000000)
startPause=0.000000
animParam=0.000000 0.000000 0.000000 0.000000 0.000000 0.000000 (-3.000000,-1.000000) 0.000000 0.020833 2.666667 0.031250 0.000000 2.500000 0.000000 0.000000 0.000000 0.000000 1.000000 0.000000
offset=(0.000000,0.000000)
startPause=0.000000
animParam=0.000000 0.000000 0.062500 0.250000 2.666667 0.083333 (-3.000000,-2.000000) -0.000000 -0.000000 0.000000 0.000000 0.333333 2.500000 0.000000 1.750000 0.000000 1.000000 0.666667 0.000000
author=818439E626