id=1342
type=0,randStartPhase=0
forceZeroStart=0
numSounds=0
numSprites=9
numSlots=0
offset=(0.000000,-0.000000)
startPause=0.000000
animParam=0.000000 0.000000 0.000000 0.000000 0.000000 0.000000 (0.000000,0.000000) 0.000000 0.000000 0.000000 0.000000 0.000000 1.000000 0.000000 0.000000 0.000000 0.000000 1.000000 0.000000
offset=(0.000000,0.000000)
startPause=0.000000
animParam=0.000000 0.000000 0.000000 0.225000 8.000000 1.000000 (0.000000,0.000000) 0.000000 0.000000 0.083333 0.072917 0.218750 1.000000 0.000000 0.500000 0.125000 0.000000 1.000000 0.000000
offset=(0.000000,0.000000)
startPause=0.000000
animParam=0.000000 0.000000 0.000000 0.225000 8.000000 1.000000 (0.000000,0.000000) 0.000000 0.000000 0.083333 0.072917 0.218750 1.000000 0.000000 0.500000 0.125000 0.000000 1.000000 0.000000
offset=(0.000000,0.000000)
startPause=0.000000
animParam=0.000000 0.000000 0.000000 0.416667 5.333333 1.000000 (0.000000,0.000000) 0.000000 0.000000 0.083333 0.072917 0.218750 1.000000 0.000000 0.083333 0.062500 0.000000 1.000000 0.000000
offset=(0.000000,0.000000)
startPause=0.000000
animParam=0.000000 0.000000 0.000000 0.225000 8.000000 1.000000 (0.000000,0.000000) 0.000000 0.000000 0.083333 0.072917 0.218750 1.000000 0.000000 0.166667 0.125000 0.000000 1.000000 0.000000
offset=(0.000000,0.000000)
startPause=0.000000
animParam=0.000000 0.000000 0.000000 0.225000 8.000000 1.000000 (0.000000,0.000000) 0.000000 0.000000 0.083333 0.072917 0.218750 1.000000 0.000000 0.500000 0.125000 0.000000 1.000000 0.000000
offset=(0.000000,0.000000)
startPause=0.000000
animParam=0.083333 16.000000 0.000000 0.250000 40.000000 1.000000 (0.000000,0.000000) 0.000000 0.000000 0.083333 0.072917 0.218750 1.000000 0.000000 0.333333 0.083333 0.000000 1.000000 0.000000
offset=(0.000000,0.000000)
startPause=0.000000
animParam=0.500000 1.000000 0.000000 0.250000 1.300000 0.000000 (0.000000,0.000000) 0.000000 0.000000 0.000000 0.000000 0.000000 1.000000 0.000000 0.000000 0.000000 0.000000 0.875000 0.000000
offset=(0.000000,0.000000)
startPause=0.000000
animParam=0.000000 0.000000 0.000000 0.000000 0.000000 0.000000 (0.000000,0.000000) 0.000000 0.000000 0.000000 0.000000 0.000000 1.000000 0.000000 0.000000 0.000000 0.000000 1.000000 0.000000
author=A3768E20D8