id=1611
type=2,randStartPhase=0
forceZeroStart=0
numSounds=0
numSprites=10
numSlots=0
offset=(0.000000,0.000000)
startPause=0.000000
animParam=0.000000 0.000000 0.000000 0.000000 0.000000 0.000000 (0.000000,0.000000) 0.000000 0.000000 0.000000 0.000000 0.000000 1.000000 0.000000 0.000000 0.000000 0.000000 1.000000 0.000000
offset=(0.000000,0.000000)
startPause=0.000000
animParam=0.000000 0.000000 0.000000 0.000000 0.000000 0.000000 (0.000000,0.000000) 0.000000 0.000000 0.000000 0.000000 0.000000 1.000000 0.000000 0.000000 0.000000 0.000000 1.000000 0.000000
offset=(0.000000,0.000000)
startPause=0.000000
animParam=0.000000 0.000000 0.000000 0.000000 0.000000 0.000000 (0.000000,0.000000) 0.000000 0.000000 0.000000 0.000000 0.000000 1.000000 0.000000 0.000000 0.000000 0.000000 1.000000 0.000000
offset=(0.000000,0.000000)
startPause=0.000000
animParam=0.000000 0.000000 0.000000 0.000000 0.000000 0.000000 (0.000000,0.000000) 0.000000 0.000000 0.000000 0.000000 0.000000 1.000000 0.000000 0.000000 0.000000 0.000000 1.000000 0.000000
offset=(0.000000,0.000000)
startPause=0.000000
animParam=0.000000 0.000000 0.000000 0.000000 0.000000 0.000000 (0.000000,0.000000) 0.000000 0.000000 0.000000 0.000000 0.000000 1.000000 0.000000 0.500000 0.000000 0.302083 1.000000 0.000000
offset=(0.000000,0.000000)
startPause=0.000000
animParam=0.150000 13.333333 0.000000 0.150000 40.000000 0.000000 (2.000000,-16.000000) 0.000000 0.000000 0.150000 0.083333 0.333333 1.000000 0.000000 0.150000 0.000000 0.000000 1.000000 0.000000
offset=(0.000000,0.000000)
startPause=0.000000
animParam=0.150000 13.333333 0.000000 0.150000 40.000000 0.200000 (2.000000,-16.000000) 0.000000 0.000000 0.150000 0.083333 0.133000 1.000000 0.000000 0.150000 0.000000 0.000000 1.000000 0.200000
offset=(0.000000,0.000000)
startPause=0.000000
animParam=0.150000 13.333333 0.000000 0.150000 40.000000 0.400000 (2.000000,-16.000000) 0.000000 0.000000 0.150000 0.083333 0.333000 1.000000 0.000000 0.150000 0.000000 0.000000 1.000000 0.400000
offset=(0.000000,0.000000)
startPause=0.000000
animParam=0.150000 13.333333 0.000000 0.150000 40.000000 0.600000 (2.000000,-16.000000) 0.000000 0.000000 0.150000 0.083333 0.000000 1.000000 0.000000 0.150000 0.000000 0.000000 1.000000 0.600000
offset=(0.000000,0.000000)
startPause=0.000000
animParam=0.150000 13.333333 0.000000 0.150000 40.000000 0.800000 (2.000000,-16.000000) 0.000000 0.000000 0.150000 0.083333 0.083333 1.000000 0.000000 0.150000 0.000000 0.000000 1.000000 0.800000
author=FF221D0444