id=38
type=1,randStartPhase=0
forceZeroStart=0
numSounds=1
soundParam=29:0.250000#30:0.250000#31:0.250000#32:0.250000#33:0.250000#34:0.250000#35:0.250000#36:0.250000#37:0.250000#38:0.250000 2.000000 0.000000 -1.000000 -1.000000 0
numSprites=2
numSlots=0
offset=(0.000000,0.000000)
startPause=0.000000
animParam=0.000000 0.000000 0.000000 0.000000 0.000000 0.000000 (0.000000,0.000000) 0.000000 0.000000 0.000000 0.000000 0.000000 1.000000 0.000000 0.000000 0.000000 0.000000 1.000000 0.000000
offset=(0.000000,0.000000)
startPause=0.000000
animParam=0.000000 0.000000 0.000000 0.000000 0.000000 0.000000 (0.000000,0.000000) 0.000000 0.000000 0.000000 0.000000 0.000000 1.000000 0.000000 2.000000 1.000000 0.000000 1.000000 0.000000